The matrices have the format of open, close, high, low on both columns and rows.
Each matrix has a diagonal of 1 which corresponds to a feature regressed against itself. 
Because the values are so high, it demonstrates the features are highly colinear/correlated.

AXP r_squared_matrx 
   
1 0.997698762910588 0.9988316612569026 0.9986060809444571
0.997698762910588 1 0.9987678862727466 0.998909369433805
0.9988316612569026 0.9987678862727466 1 0.9979037969942153
0.9986060809444571 0.998909369433805 0.9979037969942153 1

BA r_squared_matrx 
   
1 0.9985532450414497 0.9993322142256581 0.9991869736338315
0.9985532450414497 1 0.9993475632259727 0.9993760329889693
0.9993322142256581 0.9993475632259727 1 0.9990978541790054
0.9991869736338315 0.9993760329889693 0.9990978541790054 1

CAT r_squared_matrx 
   
1 0.9974880064570216 0.9989226503707687 0.9986989982106719
0.9974880064570216 1 0.9988385241374179 0.9988898983288728
0.9989226503707687 0.9988385241374179 1 0.9985728199872832
0.9986989982106719 0.9988898983288728 0.9985728199872832 1

CSCO r_squared_matrx 
   
1 0.9973841840797714 0.998816570255881 0.9988776922832213
0.9973841840797714 1 0.9989009683771363 0.9986171122721641
0.998816570255881 0.9989009683771363 1 0.9983935988707461
0.9988776922832213 0.9986171122721641 0.9983935988707461 1

CVX r_squared_matrx 
   
1 0.9968194101061265 0.998500379866225 0.9983140466016101
0.9968194101061265 1 0.9984062763081092 0.9984022409189957
0.998500379866225 0.9984062763081092 1 0.9976738409056922
0.9983140466016101 0.9984022409189957 0.9976738409056922 1

DD r_squared_matrx 
   
1 0.9945249069899179 0.9970086809205788 0.9971194070168345
0.9945249069899179 1 0.9972375345095197 0.9973654081730512
0.9970086809205788 0.9972375345095197 1 0.996025749532085
0.9971194070168345 0.9973654081730512 0.996025749532085 1

DIS r_squared_matrx 
   
1 0.9990221979958356 0.999519823206092 0.9994301155141212
0.9990221979958356 1 0.9995548502977843 0.999501363312414
0.999519823206092 0.9995548502977843 1 0.9992932736676392
0.9994301155141212 0.999501363312414 0.9992932736676392 1

GE r_squared_matrx 
   
1 0.9987327317983371 0.9994004237198628 0.9993498377402875
0.9987327317983371 1 0.999529688040757 0.9994043214833062
0.9994004237198628 0.999529688040757 1 0.9992140135941128
0.9993498377402875 0.9994043214833062 0.9992140135941128 1

GS r_squared_matrx 
   
1 0.9961070840866867 0.9980956044102641 0.9975231171747375
0.9961070840866867 1 0.9980017826410508 0.9978902008942236
0.9980956044102641 0.9980017826410508 1 0.9963156690226241
0.9975231171747375 0.9978902008942236 0.9963156690226241 1

HD r_squared_matrx 
   
1 0.9982451129855554 0.9990914204919884 0.9990548057202241
0.9982451129855554 1 0.9991889661440964 0.9990983186289243
0.9990914204919884 0.9991889661440964 1 0.9986652430716055
0.9990548057202241 0.9990983186289243 0.9986652430716055 1

IBM r_squared_matrx 
   
1 0.9986382330670776 0.9993019441677654 0.9992693460606007
0.9986382330670776 1 0.9993341315833454 0.9992944504674999
0.9993019441677654 0.9993341315833454 1 0.9989424774242435
0.9992693460606007 0.9992944504674999 0.9989424774242435 1

INTC r_squared_matrx 
   
1 0.998003876864227 0.9992413090466788 0.9991094245469974
0.998003876864227 1 0.9990540871335212 0.9990632433715136
0.9992413090466788 0.9990540871335212 1 0.9989647693673842
0.9991094245469974 0.9990632433715136 0.9989647693673842 1

JNJ r_squared_matrx 
   
1 0.9974367764199409 0.9986052987291882 0.9984795718223199
0.9974367764199409 1 0.9987576252901904 0.9985692589090253
0.9986052987291882 0.9987576252901904 1 0.9977657891352703
0.9984795718223199 0.9985692589090253 0.9977657891352703 1

JPM r_squared_matrx 
   
1 0.993068925082417 0.996136391572038 0.9962452569061745
0.993068925082417 1 0.9965251438990452 0.9960738512311719
0.996136391572038 0.9965251438990452 1 0.9934866867261037
0.9962452569061745 0.9960738512311719 0.9934866867261037 1

KO r_squared_matrx 
   
1 0.9958595228278686 0.9977348141654728 0.9975204716884012
0.9958595228278686 1 0.998080478304788 0.9978124348038977
0.9977348141654728 0.998080478304788 1 0.9965105976503319
0.9975204716884012 0.9978124348038977 0.9965105976503319 1

MCD r_squared_matrx 
   
1 0.9994913266810573 0.9997284572919126 0.9997140587002488
0.9994913266810573 1 0.9997446107684134 0.999731213237283
0.9997284572919126 0.9997446107684134 1 0.9995771371394401
0.9997140587002488 0.999731213237283 0.9995771371394401 1

MMM r_squared_matrx 
   
1 0.9971636183129347 0.9984603220020332 0.9984179990587183
0.9971636183129347 1 0.9986529422744331 0.9984134710386443
0.9984603220020332 0.9986529422744331 1 0.997653102186749
0.9984179990587183 0.9984134710386443 0.997653102186749 1

MRK r_squared_matrx 
   
1 0.997356013539532 0.9986347243118668 0.998497457977604
0.997356013539532 1 0.9988464216623832 0.9986923455361386
0.9986347243118668 0.9988464216623832 1 0.9980798193179543
0.998497457977604 0.9986923455361386 0.9980798193179543 1

MSFT r_squared_matrx 
   
1 0.9977719823135542 0.998991850740877 0.9990140980178888
0.9977719823135542 1 0.9990358298121114 0.9990104002338063
0.998991850740877 0.9990358298121114 1 0.9988281070518534
0.9990140980178888 0.9990104002338063 0.9988281070518534 1

NKE r_squared_matrx 
   
1 0.9970257455584537 0.9984507713692347 0.9984970191832165
0.9970257455584538 1 0.9987477616917245 0.9984554828304342
0.9984507713692347 0.9987477616917245 1 0.9979706565314238
0.9984970191832165 0.9984554828304342 0.9979706565314238 1

PFE r_squared_matrx 
   
1 0.997146446402069 0.9984903062603813 0.9983706918227594
0.997146446402069 1 0.9987189827780421 0.9985134158400115
0.9984903062603813 0.9987189827780419 1 0.9978977538495634
0.9983706918227594 0.9985134158400115 0.9978977538495634 1

PG r_squared_matrx 
   
1 0.9962833699188001 0.9976389851023992 0.9968384654456074
0.9962833699188001 1 0.9979623371441073 0.9972186208829888
0.9976389851023992 0.9979623371441073 1 0.9953462423651838
0.9968384654456074 0.9972186208829888 0.9953462423651838 1

T r_squared_matrx 
   
1 0.9948671297304614 0.9971383461725213 0.9970371052227689
0.9948671297304614 1 0.9975084261989243 0.9972731559203101
0.9971383461725213 0.9975084261989243 1 0.9955168733208172
0.997037105222769 0.9972731559203101 0.9955168733208173 1

TRV r_squared_matrx 
   
1 0.9977002784778775 0.9987024390383512 0.99880406491451
0.9977002784778775 1 0.9987216553687897 0.9988368013266167
0.9987024390383512 0.9987216553687897 1 0.9980024946582617
0.99880406491451 0.9988368013266167 0.9980024946582617 1

UNH r_squared_matrx 
   
1 0.9976800695580725 0.9988558858698995 0.9986733519017716
0.9976800695580725 1 0.9989171129660998 0.9989452580853716
0.9988558858698995 0.9989171129660998 1 0.9983648938435853
0.9986733519017716 0.9989452580853716 0.9983648938435853 1

UTX r_squared_matrx 
   
1 0.996576473581129 0.9984660060540519 0.9982320468679147
0.9965764735811289 1 0.9984404558675632 0.9984231365178557
0.9984660060540519 0.9984404558675632 1 0.9978291885765463
0.9982320468679147 0.9984231365178557 0.9978291885765463 1

